# Created by Octave 4.0.1-rc1, Mon Mar 27 05:44:07 2017 UTC <unknown@oo-back-cluster-as5ef56f41>
# name: Ib
# type: matrix
# rows: 228
# columns: 1
 2.36e-31
 1.63e-11
 2.84e-11
 3.62e-11
 3.98e-11
 3.91e-11
 3.42e-11
 2.5e-11
 2.5e-11
 2.5e-11
 2.5e-11
 2.51e-11
 2.51e-11
 2.51e-11
 2.51e-11
 2.52e-11
 2.52e-11
 2.52e-11
 2.53e-11
 2.53e-11
 2.53e-11
 2.54e-11
 2.54e-11
 2.55e-11
 2.56e-11
 2.56e-11
 2.57e-11
 2.58e-11
 2.6e-11
 2.61e-11
 2.62e-11
 2.63e-11
 2.66e-11
 2.69e-11
 2.73e-11
 2.78e-11
 2.84e-11
 2.91e-11
 2.96e-11
 3.03e-11
 3.12e-11
 3.23e-11
 3.36e-11
 3.51e-11
 3.68e-11
 3.82e-11
 3.99e-11
 4.18e-11
 4.41e-11
 4.67e-11
 4.95e-11
 5.27e-11
 5.59e-11
 5.93e-11
 6.27e-11
 6.630000000000001e-11
 6.99e-11
 7.37e-11
 7.76e-11
 7.83e-11
 7.889999999999999e-11
 7.92e-11
 7.93e-11
 7.92e-11
 7.88e-11
 7.82e-11
 7.72e-11
 7.58e-11
 7.42e-11
 7.25e-11
 7.08e-11
 6.92e-11
 6.790000000000001e-11
 6.69e-11
 6.61e-11
 6.58e-11
 6.57e-11
 6.59e-11
 6.64e-11
 6.790000000000001e-11
 7.110000000000001e-11
 7.35e-11
 7.620000000000001e-11
 7.91e-11
 8.22e-11
 8.559999999999999e-11
 8.92e-11
 9.3e-11
 9.75e-11
 1.02e-10
 1.05e-10
 1.07e-10
 1.1e-10
 1.13e-10
 1.16e-10
 1.19e-10
 1.22e-10
 1.33e-10
 1.41e-10
 1.94e-10
 2.9e-10
 4.3e-10
 6.140000000000001e-10
 8.42e-10
 1.11e-09
 9.81e-10
 1.68e-09
 3.21e-09
 5.57e-09
 8.750000000000001e-09
 1.28e-08
 1.76e-08
 2.1e-08
 2.62e-08
 3.32e-08
 4.2e-08
 5.27e-08
 6.53e-08
 7.970000000000001e-08
 9.150000000000001e-08
 1.07e-07
 1.25e-07
 1.46e-07
 1.71e-07
 1.98e-07
 2.29e-07
 2.57e-07
 2.89e-07
 3.26e-07
 3.69e-07
 4.16e-07
 4.68e-07
 5.26e-07
 5.81e-07
 6.43e-07
 7.14e-07
 7.93e-07
 8.79e-07
 9.739999999999999e-07
 1.08e-06
 1.18e-06
 1.3e-06
 1.44e-06
 1.59e-06
 1.75e-06
 1.93e-06
 2.12e-06
 2.32e-06
 2.55e-06
 2.79e-06
 3.07e-06
 3.36e-06
 3.69e-06
 4.03e-06
 4.51e-06
 5.06e-06
 5.66e-06
 6.34e-06
 7.09e-06
 7.94e-06
 8.89e-06
 9.95e-06
 1.11e-05
 1.25e-05
 1.4e-05
 1.56e-05
 1.75e-05
 1.96e-05
 2.19e-05
 2.45e-05
 2.74e-05
 3.06e-05
 3.43e-05
 3.83e-05
 4.28e-05
 4.79e-05
 5.35e-05
 5.98e-05
 6.669999999999999e-05
 7.449999999999999e-05
 8.32e-05
 9.280000000000001e-05
 0.000103
 0.000114
 0.000126
 0.000139
 0.000153
 0.000169
 0.000186
 0.000204
 0.000227
 0.000253
 0.000282
 0.000314
 0.000349
 0.000387
 0.000428
 0.000491
 0.000564
 0.000647
 0.000738
 0.000839
 0.000949
 0.00107
 0.0013
 0.00156
 0.00185
 0.00217
 0.00251
 0.00288
 0.00328
 0.00387
 0.00449
 0.00513
 0.0058
 0.0065
 0.00723
 0.007979999999999999
 0.009650000000000001
 0.0114
 0.0131
 0.0149
 0.0167
 0.0186
 0.0205
 0.0205
 0.0222
 0.0223


# name: Ib_withRb
# type: matrix
# rows: 278
# columns: 1
 2.45e-10
 2.46e-10
 2.47e-10
 2.48e-10
 2.49e-10
 2.5e-10
 2.51e-10
 2.52e-10
 2.59e-10
 2.66e-10
 2.73e-10
 2.8e-10
 2.88e-10
 3.04e-10
 3.2e-10
 3.47e-10
 3.76e-10
 4.06e-10
 4.38e-10
 4.73e-10
 5.1e-10
 5.51e-10
 5.95e-10
 6.41e-10
 6.86e-10
 7.340000000000001e-10
 7.87e-10
 8.43e-10
 9.03e-10
 9.66e-10
 1.03e-09
 1.12e-09
 1.21e-09
 1.31e-09
 1.42e-09
 1.54e-09
 1.67e-09
 1.8e-09
 1.95e-09
 2.11e-09
 2.29e-09
 2.48e-09
 2.68e-09
 2.91e-09
 3.15e-09
 3.41e-09
 3.69e-09
 3.99e-09
 4.32e-09
 4.68e-09
 5.06e-09
 5.48e-09
 5.93e-09
 6.42e-09
 7.09e-09
 7.850000000000001e-09
 8.71e-09
 9.67e-09
 1.07e-08
 1.19e-08
 1.31e-08
 1.44e-08
 1.59e-08
 1.76e-08
 1.94e-08
 2.15e-08
 2.37e-08
 2.61e-08
 2.86e-08
 3.14e-08
 3.45e-08
 3.8e-08
 4.18e-08
 4.6e-08
 5.04e-08
 5.51e-08
 6.03e-08
 6.61e-08
 7.24e-08
 7.94e-08
 8.68e-08
 9.49e-08
 9.74e-08
 1e-07
 1.03e-07
 1.05e-07
 1.08e-07
 1.11e-07
 1.14e-07
 1.2e-07
 1.23e-07
 1.27e-07
 1.3e-07
 1.34e-07
 1.37e-07
 1.41e-07
 1.45e-07
 1.48e-07
 1.52e-07
 1.56e-07
 1.61e-07
 1.65e-07
 1.69e-07
 1.78e-07
 1.93e-07
 2.03e-07
 2.13e-07
 2.23e-07
 2.35e-07
 2.46e-07
 2.59e-07
 2.71e-07
 2.86e-07
 3.01e-07
 3.09e-07
 3.17e-07
 3.26e-07
 3.34e-07
 3.43e-07
 3.52e-07
 3.62e-07
 3.91e-07
 4.28e-07
 4.7e-07
 5.16e-07
 5.67e-07
 6.22e-07
 6.82e-07
 7.47e-07
 8.2e-07
 9.01e-07
 9.92e-07
 1.09e-06
 1.2e-06
 1.32e-06
 1.44e-06
 1.6e-06
 1.77e-06
 1.97e-06
 2.18e-06
 2.41e-06
 2.66e-06
 2.94e-06
 3.3e-06
 3.7e-06
 4.16e-06
 4.66e-06
 5.21e-06
 5.81e-06
 6.46e-06
 7.47e-06
 8.600000000000001e-06
 9.86e-06
 1.13e-05
 1.28e-05
 1.44e-05
 1.62e-05
 1.74e-05
 1.86e-05
 1.99e-05
 2.13e-05
 2.26e-05
 2.41e-05
 2.56e-05
 2.67e-05
 2.79e-05
 2.92e-05
 3.04e-05
 3.17e-05
 3.3e-05
 3.43e-05
 3.55e-05
 3.66e-05
 3.78e-05
 3.89e-05
 4.01e-05
 4.13e-05
 4.25e-05
 4.3e-05
 4.36e-05
 4.41e-05
 4.47e-05
 4.53e-05
 4.58e-05
 4.64e-05
 4.68e-05
 4.73e-05
 4.78e-05
 4.84e-05
 4.9e-05
 4.96e-05
 5.03e-05
 5.09e-05
 5.22e-05
 5.42e-05
 5.56e-05
 5.7e-05
 5.85e-05
 5.99e-05
 6.13e-05
 6.28e-05
 6.42e-05
 6.62e-05
 6.82e-05
 7.03e-05
 7.23e-05
 7.43e-05
 7.63e-05
 7.830000000000001e-05
 8.04e-05
 8.24e-05
 8.440000000000001e-05
 8.64e-05
 8.839999999999999e-05
 9.05e-05
 9.25e-05
 9.450000000000001e-05
 9.65e-05
 9.86e-05
 0.000101
 0.000103
 0.000105
 0.000107
 0.000109
 0.000111
 0.000113
 0.000115
 0.000117
 0.000119
 0.000121
 0.000123
 0.000125
 0.000127
 0.000129
 0.000131
 0.000132
 0.000134
 0.000136
 0.000138
 0.00014
 0.000142
 0.000144
 0.000146
 0.000148
 0.00015
 0.000153
 0.000155
 0.000158
 0.000161
 0.000164
 0.000167
 0.00017
 0.000173
 0.000176
 0.000181
 0.000186
 0.000191
 0.000196
 0.000201
 0.000206
 0.000211
 0.000219
 0.000226
 0.000233
 0.00024
 0.000247
 0.000254
 0.000261
 0.000276
 0.000291
 0.000306
 0.000321
 0.000336
 0.000351
 0.000366
 0.000367
 0.000381
 0.000381


# name: Ic_Ib100
# type: matrix
# rows: 81
# columns: 1
 -7.04e-06
 -2.83e-06
 1.39e-06
 5.6e-06
 9.819999999999999e-06
 1.4e-05
 1.83e-05
 2.25e-05
 5.01e-05
 7.779999999999999e-05
 0.000133
 0.000189
 0.000274
 0.000358
 0.000439
 0.00052
 0.000602
 0.000683
 0.0007649999999999999
 0.000847
 0.000929
 0.00111
 0.00128
 0.00146
 0.00164
 0.00181
 0.00199
 0.00217
 0.00256
 0.00296
 0.00335
 0.00374
 0.00414
 0.00453
 0.00493
 0.00576
 0.00659
 0.00742
 0.00825
 0.009090000000000001
 0.00992
 0.0108
 0.0114
 0.0121
 0.0128
 0.0135
 0.0142
 0.0149
 0.0156
 0.0159
 0.0161
 0.0164
 0.0167
 0.017
 0.0173
 0.0176
 0.0177
 0.0178
 0.0179
 0.018
 0.0181
 0.0182
 0.0183
 0.0184
 0.0184
 0.0184
 0.0185
 0.0185
 0.0186
 0.0186
 0.0186
 0.0187
 0.0187
 0.0187
 0.0187
 0.0187
 0.0187
 0.0188
 0.0204
 0.0205
 0.0205


# name: Ic_Ib20
# type: matrix
# rows: 60
# columns: 1
 -5.57e-06
 -3.91e-06
 -2.23e-06
 -5.48e-07
 1.15e-06
 2.85e-06
 4.57e-06
 6.29e-06
 1.86e-05
 4.22e-05
 6.660000000000001e-05
 9.15e-05
 0.000117
 0.000143
 0.000169
 0.000222
 0.000276
 0.000358
 0.000421
 0.000485
 0.000548
 0.000612
 0.000676
 0.00074
 0.0008050000000000001
 0.000951
 0.0011
 0.00124
 0.00139
 0.00154
 0.00168
 0.00183
 0.002
 0.00218
 0.00235
 0.00253
 0.0027
 0.00288
 0.00305
 0.00313
 0.00321
 0.00329
 0.00337
 0.00345
 0.00353
 0.00361
 0.00369
 0.00377
 0.00381
 0.00384
 0.00386
 0.00388
 0.0039
 0.00391
 0.00392
 0.00393
 0.00393
 0.00489
 0.00491
 0.00491


# name: Ic_Ib40
# type: matrix
# rows: 71
# columns: 1
 -6.41e-06
 -2.56e-06
 1.29e-06
 5.16e-06
 9.04e-06
 1.29e-05
 1.69e-05
 2.08e-05
 4.66e-05
 7.26e-05
 9.899999999999999e-05
 0.000126
 0.000153
 0.000207
 0.000262
 0.000344
 0.000428
 0.000508
 0.000589
 0.000669
 0.00075
 0.000831
 0.000913
 0.0009940000000000001
 0.00117
 0.00135
 0.00153
 0.00171
 0.0019
 0.00208
 0.00226
 0.00262
 0.00298
 0.00333
 0.00369
 0.00405
 0.00441
 0.00477
 0.00503
 0.00529
 0.00555
 0.00581
 0.00607
 0.00633
 0.00658
 0.00669
 0.0068
 0.0069
 0.00701
 0.00711
 0.00721
 0.00732
 0.00736
 0.0074
 0.00745
 0.00749
 0.00753
 0.00757
 0.00761
 0.00766
 0.00768
 0.0077
 0.00772
 0.00774
 0.00775
 0.00776
 0.00776
 0.00777
 0.009310000000000001
 0.009350000000000001
 0.009350000000000001


